avg_time: 817.5684710782086
median_time: 772.048583984375
