avg_time: 817.5684710782086
median_time: 772.048583984375
avg_time: 808.9480763138389
median_time: 746.780029296875
